6 7 7
0111111
1011111
1101111
1110111
1111011
1111101
1111110

6 8 11
01111111
10111111
11001111
11010111
11011011
11101101
11110101
11111001
11101110
11110110
11111010

6 8 13
01111111
10011111
10101111
10110111
10111011
11011101
11101101
11110101
11111001
11011110
11101110
11110110
11111010

6 8 15
00111111
01011111
01101111
01110111
01111011
10111101
11011101
11101101
11110101
11111001
10111110
11011110
11101110
11110110
11111010

6 9 13
011111111
100111111
111001111
111110011
111111100
101010111
110101011
101011101
101111001
111101001
110101110
110110110
111010110

6 9 15
011111111
100111111
111001111
111110011
101010111
110101011
101011101
101111001
111101001
110101110
110110110
111010110
101111100
111101100
111110100 

6 9 15
001111111
010111111
111001111
111010111
111111001
111111010
011011011
101101101
110101101
101110101
110110101
101101110
110101110
101110110
110110110

6 10 14
0000111111
0111100101
1011101010
1101010110
1110011001
1100011111
0011101111
0101110111
1010111011
0110111101
1001111110
1111001111
1111110011
1111111100

6 10 15
0011111111
1100111111
1111001111
1111110011
1111111100
0101011101
1010101110
0101110110
0111100110
1110100110
1010111001
1011011001
1101011001
1010101011
0101010111
