7 8 8
01111111
10111111
11011111
11101111
11110111
11111011
11111101
11111110

7 9 12
011111111
101111111
110111111
111001111
111010111
111011011
111101101
111110101
111111001
111101110
111110110
111111010

7 9 14
011111111
101111111
110011111
110101111
110110111
110111011
111011101
111101101
111110101
111111001
111011110
111101110
111110110
111111010

7 9 16
011111111
100111111
101011111
101101111
101110111
101111011
110111101
111011101
111101101
111110101
111111001
110111110
111011110
111101110
111110110
111111010

7 10 14
0111111111
1011111111
1100111111
1111001111
1111110011
1111111100
1101010111
1110101011
1101011101
1101111001
1111101001
1110101110
1110110110
1111010110

7 10 16
0111111111
1011111111
1100111111
1111001111
1111110011
1101010111
1110101011
1101011101
1101111001
1111101001
1110101110
1110110110
1111010110
1101111100
1111101100
1111110100 

7 10 16
0111111111
1001111111
1010111111
1111001111
1111010111
1111111001
1111111010
1011011011
1101101101
1110101101
1101110101
1110110101
1101101110
1110101110
1101110110
1110110110

7 11 15
01111111111
10000111111
10111100101
11011101010
11101010110
11110011001
11100011111
10011101111
10101110111
11010111011
10110111101
11001111110
11111001111
11111110011
11111111100

7 11 16
01111111111
10011111111
11100111111
11111001111
11111110011
11111111100
10101011101
11010101110
10101110110
10111100110
11110100110
11010111001
11011011001
11101011001
11010101011
10101010111

7 14 16
00000001111111
11111110000000
00111101111110
01001111111101
01110011111011
01111111111000
10010111110111
10101011101111
11011001011111
11100100111111
10111111100110
11111100011110
11011111010101
11101110101101
11110110110011
11111011001011
