9 10 10
0111111111
1011111111
1101111111
1110111111
1111011111
1111101111
1111110111
1111111011
1111111101
1111111110

9 11 14
01111111111
10111111111
11011111111
11101111111
11110111111
11111001111
11111010111
11111011011
11111101101
11111110101
11111111001
11111101110
11111110110
11111111010

9 11 16
01111111111
10111111111
11011111111
11101111111
11110011111
11110101111
11110110111
11110111011
11111011101
11111101101
11111110101
11111111001
11111011110
11111101110
11111110110
11111111010

9 12 16
011111111111
101111111111
110111111111
111011111111
111100111111
111111001111
111111110011
111111111100
111101010111
111110101011
111101011101
111101111001
111111101001
111110101110
111110110110
111111010110

9 12 18
011011111111
011101111111
011110111111
101011111111
101101111111
101110111111
110011111111
110101111111
110110111111
111111011011
111111011101
111111011110
111111101011
111111101101
111111101110
111111110011
111111110101
111111110110
